 <pre>

 Contingency table for Visibility (m)
 Selection: ALL    693 stations
Period: 20210201-20210201
Used {06,12,18} + 00 01 ... 24
 Limits    1000.00000       5000.00000       10000.0000       20000.0000    
 Each class is data <= limit, the very last > last limit
 Total number of values       30638
                                     OBSERVATION
                                     61       53       16       15       23 |       168
                                    240     1670      686      665      523 |      3784
                         lydnF      156     1171     1230     1085      785 |      4427
                                     90      627     1032     1193     2012 |      4954
                                    390     2297     3133     3871     7614 |     17305

                    SUM             937     5818     6097     6829    10957 |     30638
                                     OBSERVATION
                                     60       64       11       14       27 |       176
                                    242     1672      684      688      500 |      3786
                         lydnT      143     1124     1096     1037      744 |      4144
                                     83      510      803      943     1686 |      4025
                                    409     2448     3503     4147     8000 |     18507

                    SUM             937     5818     6097     6829    10957 |     30638
                                     OBSERVATION
                                     57       65       15       20       33 |       190
                                    240     1717      713      713      524 |      3907
                          lowp      181     1316     1346     1197     1029 |      5069
                                    101      683     1162     1315     2215 |      5476
                                    358     2037     2861     3584     7156 |     15996

                    SUM             937     5818     6097     6829    10957 |     30638

