 <pre>

 Contingency table for Visibility (m)
 Selection: ALL    697 stations
Period: 20210201-20210224
Used {00,06,12,18} + 00 01 ... 36
 Limits    1000.00000       5000.00000       10000.0000       20000.0000    
 Each class is data <= limit, the very last > last limit
 Total number of values      566704
                                     OBSERVATION
                                   7184     9520     3196     1208      857 |     21965
                                   8568    45407    23437    18574    18854 |    114840
                         lydnF     1649    15824    15543    17615    22417 |     73048
                                    837     8751    12686    22360    50015 |     94649
                                   2901    25370    32601    57409   143921 |    262202

                    SUM           21139   104872    87463   117166   236064 |    566704
                                     OBSERVATION
                                   7197     9499     3181     1209      838 |     21924
                                   8566    45611    23570    18589    18843 |    115179
                         lydnT     1634    16021    15553    17679    22112 |     72999
                                    812     8500    12134    21623    48767 |     91836
                                   2930    25241    33025    58066   145504 |    264766

                    SUM           21139   104872    87463   117166   236064 |    566704
                                     OBSERVATION
                                   7160     9553     3172     1177      858 |     21920
                                   8622    46068    23924    18913    19632 |    117159
                          lowp     1686    16707    16123    18699    23720 |     76935
                                    815     8437    12351    21720    48671 |     91994
                                   2856    24107    31893    56657   143183 |    258696

                    SUM           21139   104872    87463   117166   236064 |    566704

