 <pre>

 Contingency table for Cloud cover (octas)
 Selection: ALL    592 stations
Period: 20210201-20210201
Used {06,12,18} + 01 02 ... 24
 Limits   0.500000000       1.50000000       2.50000000       3.50000000       4.50000000       5.50000000       6.50000000       7.50000000    
 Each class is data <= limit, the very last > last limit
 Total number of values       22756
                                                       OBSERVATION
                                   1069      143       94       90       28       56       35      126      227 |      1868
                                    347       49       40       41       20       33       33       98      259 |       920
                                    235       40       37       40        8       50       20       96      232 |       758
                                    209       41       24       38       13       33       21       75      220 |       674
                         lydnF      229       35       32       38       13       33       31       91      237 |       739
                                    199       25       21       33       17       36       35      107      290 |       763
                                    226       37       34       50       30       35       55      150      387 |      1004
                                    334       53       64       84       45       80      101      235      592 |      1588
                                    686      233      156      294      175      301      498     2481     9618 |     14442

                    SUM            3534      656      502      708      349      657      829     3459    12062 |     22756
                                                       OBSERVATION
                                   1092      147       91       86       28       56       34      125      233 |      1892
                                    353       42       41       42       14       32       31      109      254 |       918
                                    259       45       28       37       13       45       25       88      255 |       795
                                    200       35       33       31       13       31       28       81      224 |       676
                         lydnT      187       44       32       39       19       34       28      100      265 |       748
                                    219       29       24       47       15       39       27      110      260 |       770
                                    235       31       31       57       33       37       56      157      376 |      1013
                                    319       61       65       73       38       88      105      243      627 |      1619
                                    670      222      157      296      176      295      495     2446     9568 |     14325

                    SUM            3534      656      502      708      349      657      829     3459    12062 |     22756
                                                       OBSERVATION
                                    964      130       80       79       24       48       27      112      194 |      1658
                                    341       57       41       40       13       36       26       84      233 |       871
                                    247       34       33       40       14       42       31       73      223 |       737
                                    215       35       22       31       18       27       23       88      227 |       686
                          lowp      199       43       34       38       13       31       25       90      225 |       698
                                    229       27       36       43       16       37       39      113      290 |       830
                                    258       41       32       45       32       46       52      152      335 |       993
                                    352       57       69       95       42       72       99      261      646 |      1693
                                    729      232      155      297      177      318      507     2486     9689 |     14590

                    SUM            3534      656      502      708      349      657      829     3459    12062 |     22756

