 <pre>

 Contingency table for Cloud cover (octas)
 Selection: ALL    594 stations
Period: 20210201-20210224
Used {00,06,12,18} + 01 02 ... 36
 Limits   0.500000000       1.50000000       2.50000000       3.50000000       4.50000000       5.50000000       6.50000000       7.50000000    
 Each class is data <= limit, the very last > last limit
 Total number of values      435388
                                                       OBSERVATION
                                  37829     4735     2635     2217     1588     2097     1883     5362    12601 |     70947
                                   7902     1672      999      995      736     1072     1060     3004     6414 |     23854
                                   4378     1018      601      657      465      725      720     2106     4623 |     15293
                                   3207      802      534      621      355      581      649     1853     4096 |     12698
                         lydnF     2624      744      486      515      354      534      675     1860     4099 |     11891
                                   2418      635      477      530      346      571      671     1942     4464 |     12054
                                   2728      719      559      604      435      734      797     2444     5790 |     14810
                                   3459     1093      849      989      681     1235     1484     4428     9892 |     24110
                                  10449     3594     2643     3508     2525     5436     6839    39304   175433 |    249731

                    SUM           74994    15012     9783    10636     7485    12985    14778    62303   227412 |    435388
                                                       OBSERVATION
                                  37602     4670     2587     2193     1572     2008     1872     5202    12445 |     70151
                                   7856     1649      975      979      715     1083     1068     3079     6355 |     23759
                                   4410     1020      635      692      456      726      749     2113     4667 |     15468
                                   3195      759      527      557      363      582      603     1883     4145 |     12614
                         lydnT     2711      734      509      525      359      573      658     1848     4061 |     11978
                                   2466      658      501      554      366      665      682     1958     4413 |     12263
                                   2732      793      536      608      440      717      834     2538     5803 |     15001
                                   3517     1107      856      989      661     1199     1412     4353    10032 |     24126
                                  10505     3622     2657     3539     2553     5432     6900    39329   175491 |    250028

                    SUM           74994    15012     9783    10636     7485    12985    14778    62303   227412 |    435388
                                                       OBSERVATION
                                  36225     4387     2456     2092     1420     1851     1740     4662    10849 |     65682
                                   8042     1676      954      888      729     1012     1002     2869     5801 |     22973
                                   4456     1018      629      700      467      738      695     2131     4352 |     15186
                                   3274      793      521      555      388      602      621     1814     3936 |     12504
                          lowp     2728      748      512      519      358      603      652     1804     3938 |     11862
                                   2586      702      464      518      368      678      695     1992     4492 |     12495
                                   2855      801      566      660      443      718      837     2504     5824 |     15208
                                   3740     1103      890      999      690     1224     1461     4494    10297 |     24898
                                  11088     3784     2791     3705     2622     5559     7075    40033   177923 |    254580

                    SUM           74994    15012     9783    10636     7485    12985    14778    62303   227412 |    435388

