 <pre>

 Contingency table for Rh2m (%)
 Selection: ALL   1005 stations
Period: 20210201-20210228
Used {00,06,12,18} + 00 01 ... 36
 Limits    30.0000000       50.0000000       65.0000000       75.0000000       85.0000000       95.0000000       100.000000    
 Each class is data <= limit, the very last > last limit
 Total number of values     3521421
                                              OBSERVATION
                                    657     1866     1278     1091     1120      516        3        0 |      6531
                                   1863    24536    35147    18899    15836     5661      166        0 |    102108
                                    652    26141   122992   124324   116431    28130     1328        0 |    419998
                         lydnF      109     7225    79984   164963   291378   142778     4663        0 |    691100
                                     46     1714    35944   127256   346352   449784    24735        0 |    985831
                                     99      366     9501    50003   193383   452830   141260        0 |    847442
                                    465       12      433     4038    24029   137315   302055        0 |    468347
                                      0        0        0        1        3       24       36        0 |        64

                    SUM            3891    61860   285279   490575   988532  1217038   474246        0 |   3521421
                                              OBSERVATION
                                    653     1876     1243     1108     1093      519        2        0 |      6494
                                   1860    24502    34620    18479    15682     5773      174        0 |    101090
                                    664    26180   122736   122815   113181    27115     1321        0 |    414012
                         lydnT      105     7200    80706   165925   290051   138769     4572        0 |    687328
                                     46     1730    36012   128345   350315   451400    24709        0 |    992557
                                     97      360     9528    49864   194122   456018   141460        0 |    851449
                                    466       12      434     4038    24085   137420   301976        0 |    468431
                                      0        0        0        1        3       24       32        0 |        60

                    SUM            3891    61860   285279   490575   988532  1217038   474246        0 |   3521421
                                              OBSERVATION
                                    650     1759     1221     1112     1097      456        6        0 |      6301
                                   1874    24058    32795    17078    14263     5265      160        0 |     95493
                                    657    26512   121538   116590   106333    25033     1249        0 |    397912
                          lowp      103     7370    82494   167613   284456   131664     4463        0 |    678163
                                     46     1786    37158   133186   359629   448530    24185        0 |   1004520
                                     96      363     9638    50969   198560   468335   142157        0 |    870118
                                    465       12      435     4027    24190   137732   301988        0 |    468849
                                      0        0        0        0        4       23       38        0 |        65

                    SUM            3891    61860   285279   490575   988532  1217038   474246        0 |   3521421

