 <pre>

 Contingency table for Cloud cover (octas)
 Selection: ALL    595 stations
Period: 20210201-20210228
Used {00,06,12,18} + 01 02 ... 36
 Limits   0.500000000       1.50000000       2.50000000       3.50000000       4.50000000       5.50000000       6.50000000       7.50000000    
 Each class is data <= limit, the very last > last limit
 Total number of values     1704388
                                                       OBSERVATION
                                 221653    21233    12568     9334     6097     7811     7413    19322    45409 |    350840
                                  31423     5963     4169     3599     2522     3712     3605    10302    23337 |     88632
                                  17002     3571     2526     2366     1686     2425     2589     7081    16134 |     55380
                                  12762     2785     2027     1930     1366     1966     2296     6241    14040 |     45413
                         lydnF    10889     2468     1950     1789     1280     1890     2337     6215    13859 |     42677
                                  10248     2313     1845     1823     1286     2048     2437     6591    15237 |     43828
                                  12119     2687     2199     2183     1718     2527     2917     8675    20027 |     55052
                                  17247     4067     3199     3591     2655     4312     5168    15564    35778 |     91581
                                  65252    17253    12455    15011    12348    21919    28193   148352   610202 |    930985

                    SUM          398595    62340    42938    41626    30958    48610    56955   228343   794023 |   1704388
                                                       OBSERVATION
                                 220749    21031    12392     9174     6027     7652     7242    18465    43558 |    346290
                                  31548     5988     4144     3603     2524     3700     3541    10283    22854 |     88185
                                  17177     3556     2605     2421     1624     2444     2685     7119    16159 |     55790
                                  12789     2742     2116     1890     1393     1977     2246     6358    14050 |     45561
                         lydnT    11060     2417     1898     1775     1301     1967     2273     6150    13930 |     42771
                                  10392     2372     1904     1866     1325     2114     2464     6713    15207 |     44357
                                  12081     2835     2184     2214     1668     2541     3080     8820    19992 |     55415
                                  17210     4156     3224     3610     2704     4260     5094    15504    36001 |     91763
                                  65589    17243    12471    15073    12392    21955    28330   148931   612272 |    934256

                    SUM          398595    62340    42938    41626    30958    48610    56955   228343   794023 |   1704388
                                                       OBSERVATION
                                 215531    20248    11896     8831     5739     7202     6790    17126    39827 |    333190
                                  32723     5892     4159     3510     2450     3529     3522     9817    21496 |     87098
                                  17682     3642     2568     2377     1635     2459     2583     6965    15447 |     55358
                                  13154     2784     2145     1886     1455     2053     2242     6125    13653 |     45497
                          lowp    11311     2489     1951     1804     1338     1967     2311     6027    13677 |     42875
                                  10844     2477     1888     1800     1356     2108     2446     6797    15242 |     44958
                                  12536     2832     2224     2264     1647     2556     3121     8752    19883 |     55815
                                  17740     4185     3354     3630     2687     4379     5150    15713    36296 |     93134
                                  67074    17791    12753    15524    12651    22357    28790   151021   618502 |    946463

                    SUM          398595    62340    42938    41626    30958    48610    56955   228343   794023 |   1704388

