 <pre>

 Contingency table for Cloud cover (octas)
 Selection: ALL    592 stations
Period: 20210201-20210206
Used {00,06,12,18} + 01 02 ... 36
 Limits   0.500000000       1.50000000       2.50000000       3.50000000       4.50000000       5.50000000       6.50000000       7.50000000    
 Each class is data <= limit, the very last > last limit
 Total number of values      335275
                                                       OBSERVATION
                                  31845     4213     2218     1925     1305     1779     1506     4574    11000 |     60365
                                   7332     1549      870      896      642      956      916     2633     5795 |     21589
                                   4001      927      542      577      398      651      624     1840     4081 |     13641
                                   2901      724      458      558      312      521      558     1608     3609 |     11249
                         lydnF     2325      691      437      465      300      477      575     1593     3605 |     10468
                                   2090      566      402      473      289      499      565     1671     3896 |     10451
                                   2132      608      454      505      338      629      639     2034     4861 |     12200
                                   2679      869      658      779      508      992     1130     3571     8031 |     19217
                                   5231     2105     1737     2367     1564     3734     4665    29725   124967 |    176095

                    SUM           60536    12252     7776     8545     5656    10238    11178    49249   169845 |    335275
                                                       OBSERVATION
                                  31604     4143     2170     1904     1289     1691     1494     4411    10855 |     59561
                                   7297     1528      848      881      623      973      924     2709     5721 |     21504
                                   4038      929      564      602      389      649      652     1850     4151 |     13824
                                   2894      683      454      501      316      528      519     1634     3641 |     11170
                         lydnT     2400      677      461      465      309      515      554     1598     3567 |     10546
                                   2127      590      428      496      309      587      575     1700     3847 |     10659
                                   2161      678      432      513      349      610      673     2101     4876 |     12393
                                   2734      896      657      792      483      962     1061     3482     8166 |     19233
                                   5281     2128     1762     2391     1589     3723     4726    29764   125021 |    176385

                    SUM           60536    12252     7776     8545     5656    10238    11178    49249   169845 |    335275
                                                       OBSERVATION
                                  30245     3860     2040     1803     1137     1538     1367     3875     9267 |     55132
                                   7470     1558      823      795      644      899      857     2502     5222 |     20770
                                   4082      930      566      613      400      655      597     1855     3815 |     13513
                                   2967      716      441      492      347      549      541     1577     3443 |     11073
                          lowp     2444      691      457      470      297      544      548     1564     3453 |     10468
                                   2245      634      406      452      310      591      584     1726     3920 |     10868
                                   2275      689      464      566      354      626      683     2089     4923 |     12669
                                   2944      884      693      791      513      990     1103     3616     8432 |     19966
                                   5864     2290     1886     2563     1654     3846     4898    30445   127370 |    180816

                    SUM           60536    12252     7776     8545     5656    10238    11178    49249   169845 |    335275

