 <pre>

 Contingency table for Cloud cover (octas)
 Selection: ALL    595 stations
Period: 20210201-20210228
Used {00,06,12,18} + 01 02 ... 36
 Limits   0.500000000       1.50000000       2.50000000       3.50000000       4.50000000       5.50000000       6.50000000       7.50000000    
 Each class is data <= limit, the very last > last limit
 Total number of values      518123
                                                       OBSERVATION
                                  50828     5752     3058     2486     1829     2329     2108     5842    13599 |     87831
                                  10357     2084     1179     1161      816     1239     1181     3294     6967 |     28278
                                   5713     1253      693      756      525      807      804     2310     5001 |     17862
                                   4244      976      607      693      398      647      730     2027     4356 |     14678
                         lydnF     3458      873      579      589      407      601      740     2008     4374 |     13629
                                   3202      777      556      608      398      638      757     2130     4749 |     13815
                                   3763      887      643      714      506      813      899     2685     6190 |     17100
                                   4943     1404      984     1130      795     1381     1651     4900    10642 |     27830
                                  16902     5106     3551     4543     3362     6811     8548    46437   201840 |    297100

                    SUM          103410    19112    11850    12680     9036    15266    17418    71633   257718 |    518123
                                                       OBSERVATION
                                  50596     5693     3008     2469     1815     2247     2096     5669    13399 |     86992
                                  10368     2068     1147     1134      798     1238     1190     3360     6894 |     28197
                                   5719     1235      732      793      521      806      834     2304     5038 |     17982
                                   4224      928      608      632      413      645      675     2067     4399 |     14591
                         lydnT     3527      877      602      596      403      647      725     2002     4347 |     13726
                                   3278      801      577      630      417      725      775     2132     4691 |     14026
                                   3763      961      634      703      511      807      938     2802     6186 |     17305
                                   4946     1413     1001     1147      772     1340     1588     4805    10747 |     27759
                                  16989     5136     3541     4576     3386     6811     8597    46492   202017 |    297545

                    SUM          103410    19112    11850    12680     9036    15266    17418    71633   257718 |    518123
                                                       OBSERVATION
                                  49223     5428     2885     2373     1666     2081     1972     5137    11864 |     82629
                                  10536     2056     1130     1048      816     1171     1118     3146     6330 |     27351
                                   5754     1257      731      795      520      830      775     2323     4695 |     17680
                                   4271      960      603      627      443      673      694     1983     4194 |     14448
                          lowp     3574      881      596      589      402      675      722     1956     4201 |     13596
                                   3413      842      530      593      421      746      773     2173     4780 |     14271
                                   3886      988      657      761      515      791      956     2746     6209 |     17509
                                   5202     1390     1030     1153      787     1375     1616     4951    11011 |     28515
                                  17551     5310     3688     4741     3466     6924     8792    47218   204434 |    302124

                    SUM          103410    19112    11850    12680     9036    15266    17418    71633   257718 |    518123

