 <pre>

 Contingency table for Visibility (m)
 Selection: ALL    697 stations
Period: 20210201-20210228
Used {00,06,12,18} + 00 01 ... 36
 Limits    1000.00000       5000.00000       10000.0000       20000.0000    
 Each class is data <= limit, the very last > last limit
 Total number of values      677382
                                     OBSERVATION
                                  11814    11421     4915     2719     1672 |     32541
                                  10569    48839    27528    26088    25141 |    138165
                         lydnF     2256    16933    17521    23182    30719 |     90611
                                   1081     9243    13931    26566    63888 |    114709
                                   3374    26307    34703    65151   171821 |    301356

                    SUM           29094   112743    98598   143706   293241 |    677382
                                     OBSERVATION
                                  11884    11410     4897     2707     1664 |     32562
                                  10522    49018    27685    26072    25148 |    138445
                         lydnT     2250    17150    17508    23301    30428 |     90637
                                   1047     8996    13388    25826    62911 |    112168
                                   3391    26169    35120    65800   173090 |    303570

                    SUM           29094   112743    98598   143706   293241 |    677382
                                     OBSERVATION
                                  11830    11420     4866     2640     1651 |     32407
                                  10597    49506    28063    26560    25976 |    140702
                          lowp     2310    17848    18097    24202    32063 |     94520
                                   1070     8943    13587    25891    62399 |    111890
                                   3287    25026    33985    64413   171152 |    297863

                    SUM           29094   112743    98598   143706   293241 |    677382

