 <pre>

 Contingency table for Visibility (m)
 Selection: ALL    697 stations
Period: 20210201-20210228
Used {00,06,12,18} + 00 01 ... 36
 Limits    1000.00000       5000.00000       10000.0000       20000.0000    
 Each class is data <= limit, the very last > last limit
 Total number of values     2211688
                                     OBSERVATION
                                  35499    30704    12498     7472     3583 |     89756
                                  35132   152518    80043    76869    70713 |    415275
                         lydnF     6337    46535    48865    68788    90263 |    260788
                                   2404    18977    31939    66261   160516 |    280097
                                  10751    74974   115598   261365   703084 |   1165772

                    SUM           90123   323708   288943   480755  1028159 |   2211688
                                     OBSERVATION
                                  35615    30619    12449     7476     3591 |     89750
                                  34998   153058    80447    77038    70794 |    416335
                         lydnT     6385    46824    48830    68999    90412 |    261450
                                   2410    18718    31208    64335   158938 |    275609
                                  10715    74489   116009   262907   704424 |   1168544

                    SUM           90123   323708   288943   480755  1028159 |   2211688
                                     OBSERVATION
                                  35476    30706    12470     7428     3665 |     89745
                                  35248   154353    81668    78523    73082 |    422874
                          lowp     6350    47651    50002    71161    93971 |    269135
                                   2393    18436    31195    64465   156776 |    273265
                                  10656    72562   113608   259178   700665 |   1156669

                    SUM           90123   323708   288943   480755  1028159 |   2211688

