 <pre>

 Contingency table for Visibility (m)
 Selection: ALL    694 stations
Period: 20210201-20210206
Used {00,06,12,18} + 00 01 ... 36
 Limits    1000.00000       5000.00000       10000.0000       20000.0000    
 Each class is data <= limit, the very last > last limit
 Total number of values      435352
                                     OBSERVATION
                                   2309     3055      712      310      343 |      6729
                                   5253    31727    14355    10446     9655 |     71436
                         lydnF     1019    12844    12678    13291    14622 |     54454
                                    687     7822    11251    19476    43508 |     82744
                                   2267    21501    27586    46315   122320 |    219989

                    SUM           11535    76949    66582    89838   190448 |    435352
                                     OBSERVATION
                                   2317     3044      703      309      320 |      6693
                                   5263    31945    14471    10465     9682 |     71826
                         lydnT     1000    12945    12599    13279    14672 |     54495
                                    670     7572    10655    18581    41724 |     79202
                                   2285    21443    28154    47204   124050 |    223136

                    SUM           11535    76949    66582    89838   190448 |    435352
                                     OBSERVATION
                                   2308     3061      693      285      338 |      6685
                                   5290    32389    14791    10813    10431 |     73714
                          lowp     1080    13589    13147    14203    16185 |     58204
                                    635     7493    10747    18598    41492 |     78965
                                   2222    20417    27204    45939   122002 |    217784

                    SUM           11535    76949    66582    89838   190448 |    435352

